$ANSIBLE_VAULT;1.1;AES256
65313965386637346538343162346338333562383561636438616433353636653165633936343133
6234316663333734393934633066363463616466643834350a616639326531376665646535653433
64363037323338376437373231346634646230626338653131376532303133303437623731336637
6537643734363339350a303430353033393866303934343061663863303362316639643432356262
39616662383234363132653635663138396531656233343236303365323631643362346664343234
38366533386165316364626464306338663334663032313435316633663735626638663364383734
30333961346131633036326564386361383161646636666664343566363637373166646462666339
38333732653436393361653835333233613230333061643461623434636161623435363731323264
33353134306539303463336433636365323532613533376136396564316539626231356630343434
35333431363337336363316130656262626162323339633231396163326532396339623335666663
66386534306338386664333132313566666638316461373934623838326438363930353134623737
39323265613935396330646264376462353432353961356637306533373463396239356465356365
66363662333231376535636665623263343034343237653162366132366163363438626165666337
31626239303330306166376237656364663333336537633866356338626464666632333063356239
33393437323737373439646539353532343433323832313566393566643161396539623332626562
66616438313962666632303237353763633738376233333333633835643135333261376235333665
32356436336166636132393036356131303562366630396338663239356330326636633738353866
35303464313630356166383036626134653262303061396366623336343038333431333039393833
63323035663338613432383062343236373631636636613830623866316631396138333437373035
39313661393039613830393239323230366132366639333738356232666330613737373765623937
33663835376266366334376632653737623665623263366337363039616232363539343764636435
31613962353335343137323733383362396536313237333666626132323531363339323639663331
31333664343135313061383434303831666230363831613062353037626231306331613661353862
66373230306432376531656436363836303139383237336263393731643961636362616139313666
39653632396334636461626333346665626432653833643464356437613262333638316135626539
30336538613962356635303431613762326437633338653363623539396162636137613538653931
33346539333735346234353631353363346566336131303930633031343861646339626137376532
32326133303833633863663864326535356432356436623931326562316131363439663039386639
33346563393437623562646265373936336233636265666465623133643665363538373739663063
35663231633466663835313037616164393934643031326565373630303634623963373236316333
65633831363632363331373930356531383065343561326231356662343532336435346663383862
61386130343663306663383039346437323939333033316531316533613130623566346562353566
64356533626532363535356133623264626463343863326263646431353937623833383431633131
39333766396437383935653466613861353463353035336135366132313337303463336631613562
31376334373664626137666631653633306134383839616162376539333163303033623166653134
36333663623762663033393166323961623433663336656236613130633938613631353439656332
39313232336363336664323430663363396261373966373732323766643438643535343733333462
33353664633137323835343433326631373037313238626565663937333065336337383762353031
64633961356539333733656630376338666337623839373230313236366339366465373461623033
61653734633239306565323230306338303533383965323234316131333566343532653530373935
31363833303931333537633836623532653165616664303231636563346236623833386433323735
30643636343063613430356231303437633933326362313537373537336131386535626534303761
36653962383639633238393830666537346633373832323532666538383631613334376563326237
31336431396235386337393761653331313532303966633966663536373735316638376639323638
34633931313464663164346165396662643135613032393338613563346366333630336464393662
63343232356263303639623063646265613462643839373039386538306532623238623837333935
35383364623635643163396130623964623233303430643130653239363866313330636665663962
30666334643861656534316265396230653432376433316364343965653066356264613636313136
61363332343132666131623164303832613436326236333562666331666137363330376135396530
61633338353632623363376338616466346531306231633264373262613534383934366361623632
39666234306537346238333535313037393334643738313961616364663937393336663661633037
36616464303238396538346138316235326662356263643933363662613730353364383864383830
66393365343736636464343265653433656162613361356534306666616434353165396433336634
64313538623935313332373731383963653065613664303038393937303432653165373661313339
39353065646536383766623464306663313661316662316361326530613937336166663137663932
64346331303533336233626165313339363864373432343535616132613334343331623463383532
38633031313566316234383439346163313030353730363231393964343533363639613865653936
37363438346434343539323938336131643433613736363138636432666336663239636637316636
31646537343165343665373136353334393966386165373165636662643835666666653039303066
39613733343631663361393038636566373538356266633732303038653131316536303665393262
64393832346661356362616339313765633436313938336263333033356436663362623262653865
62313030393761396131653136393437343835333565633031373132366262303662323437353434
66663332653030663830333638356132323838303465653064383636336131616337303332373932
61636434353130616361343430343130346665646437653635346438653635656565653562353132
30636230363335303537666661646466393266643639363937373234633630373864346139393136
33373334396366623433343761626262386139303261633630326235666637336435336634306632
35653139356162623232663866613864613431303831303039373664333436376662353531663366
35633361383731626464313366613066396266383738303939346166616334333637336365613065
35316139303232643631666631623838653030373762343932353537356166323936376631643532
31663030663035623330396437346633386237363436383138366234626366623964613639613739
31646539623663333830623930333863333666366562653562643034353465393131303930346463
62633438643165363431363064313966636331316230353831323232343134336136323031336564
39333666343266646435353330656232373735373630346430356535383461313830316232643837
33313863376338343233633966616366653366663162346430636531633032353538313333633562
37346465393266326432363665393230613265313563613639313631623730623964396366363639
66363635393530633866313762306534376234303735383036613861326162346432346430666462
61333736306661333234383832636332666631366264663235613034633731663661363030333165
31383931663336636231616465363431383437626339666134393734663361613136353837393330
36613262343335306132646638666465346331666531353765393231323630656163343636323431
63663961383465656330306565313234333161343233306536666132353439356530336532326532
63373436393465666234376432613938383131666432623532376330613861363063313433363232
66316361353231353239383464333063643738656232363561366563366635313361346539356235
31626532323331373033353862323730303837643064393566363866623732366139373339316230
37616636613039653263333736306365646238646237353136333632333238633738336361346135
61663134366539326436333763333634383039333362646362366365306361396533353533343061
36346435353236643163646634373063393364366136653631373732646666386535626432383030
39373761313866666133633933653035373166616561363466643238396166666538636438393536
61666537666232353132
